     0/199     1.03G   0.07319    0.4415         0    0.5147         1       640   0.00035    0.1034 4.177e-05 5.917e-06    0.1062   0.01941         0
     1/199     4.43G   0.07026  0.009372         0   0.07963         0       640  0.006258   0.01478 0.0009912 0.0001436     0.101   0.01028         0
     2/199     4.43G    0.0675  0.006094         0    0.0736         2       640   0.04534    0.1527   0.01989  0.003777   0.09821  0.009166         0
     3/199     4.43G   0.06602  0.005041         0   0.07106         2       640   0.04253    0.2315   0.02318  0.004505   0.09522  0.008992         0
     4/199     4.43G   0.06194  0.004761         0    0.0667         1       640    0.1629    0.2709    0.1086    0.0232   0.09343  0.008795         0
     5/199     4.43G    0.0592  0.004319         0   0.06352         3       640    0.3264    0.3941    0.2405   0.05358   0.08818  0.008326         0
     6/199     4.43G   0.05706  0.003948         0   0.06101         2       640    0.2105     0.335    0.1684   0.03988   0.09104  0.008418         0
     7/199     4.43G   0.05516  0.003866         0   0.05902         1       640    0.4724    0.3892    0.3597   0.08308   0.09074  0.008617         0
     8/199     4.43G   0.05217  0.003785         0   0.05596         1       640    0.6124    0.4631     0.501    0.1616   0.08259  0.008736         0
     9/199     4.43G   0.05109  0.003777         0   0.05487         2       640    0.6469    0.5517    0.5661    0.1841   0.08487  0.007959         0
    10/199     4.43G     0.051  0.003718         0   0.05472         2       640    0.2491    0.2857    0.1926   0.05334   0.09135    0.0092         0
    11/199     4.43G   0.05085  0.003738         0   0.05459         1       640    0.6204     0.532    0.5187    0.1687   0.08308  0.009161         0
    12/199     4.43G   0.04999  0.003749         0   0.05374         3       640     0.712    0.3596    0.4379    0.1545   0.08503  0.009605         0
    13/199     4.43G   0.04833  0.003595         0   0.05192         1       640    0.6737    0.5123    0.5334    0.1698   0.08268  0.009276         0
    14/199     4.43G   0.04739  0.003607         0     0.051         1       640    0.6294    0.5019     0.536    0.1991   0.08094  0.009501         0
    15/199     4.43G   0.04716  0.003576         0   0.05073         3       640    0.8296    0.5813    0.6689    0.2757   0.07834  0.009055         0
    16/199     4.43G   0.04569  0.003522         0   0.04921         1       640    0.7943    0.5707    0.6607    0.2725   0.07942  0.008925         0
    17/199     4.43G   0.04384  0.003492         0   0.04733         2       640    0.8836    0.6733    0.7509    0.3415   0.07381  0.008836         0
    18/199     4.43G   0.04324  0.003401         0   0.04664         1       640    0.8972    0.6879    0.7914    0.3942   0.07208  0.009957         0
    19/199     4.43G   0.04271  0.003462         0   0.04617         1       640    0.9015    0.6798    0.7525    0.3491   0.07108  0.009442         0
    20/199     4.43G   0.04276  0.003482         0   0.04625         3       640    0.8643      0.67    0.7438    0.3571   0.07057  0.009205         0
    21/199     4.43G   0.04061  0.003413         0   0.04402         0       640    0.8505    0.7285    0.8007    0.4013   0.06731  0.009672         0
    22/199     4.43G   0.04029  0.003243         0   0.04353         1       640    0.8494    0.7779    0.8299    0.4433   0.06754  0.009078         0
    23/199     4.43G    0.0401    0.0033         0    0.0434         1       640    0.8934    0.7435    0.8193    0.4149   0.06632  0.009116         0
    24/199     4.43G   0.03911  0.003328         0   0.04244         4       640    0.7474    0.7142     0.694    0.2897   0.07137  0.009249         0
    25/199     4.43G   0.03834  0.003246         0   0.04158         0       640    0.9354    0.7291    0.8298    0.4188   0.06756  0.009468         0
    26/199     4.43G   0.03832  0.003256         0   0.04157         4       640     0.943    0.7336     0.834    0.4382   0.06399  0.009614         0
    27/199     4.43G     0.038  0.003258         0   0.04126         2       640    0.9079    0.7771    0.8609    0.4745   0.06381  0.009291         0
    28/199     4.43G   0.03735  0.003238         0   0.04059         1       640    0.8973    0.8174    0.8838    0.4826   0.06286  0.009306         0
    29/199     4.43G   0.03674  0.003158         0    0.0399         1       640    0.9464    0.7832    0.8779    0.5029   0.06327  0.009244         0
    30/199     4.43G   0.03658  0.003146         0   0.03973         1       640    0.9378    0.7438    0.8434    0.4696   0.06419  0.009474         0
    31/199     4.43G   0.03621  0.003086         0   0.03929         1       640       0.9    0.7586    0.8265    0.4183   0.06469  0.009037         0
    32/199     4.43G   0.03609  0.003032         0   0.03912         0       640    0.8977    0.8079     0.871    0.5206   0.06287  0.009424         0
    33/199     4.43G    0.0358  0.003092         0   0.03889         1       640    0.9224    0.7685     0.864    0.5073   0.05916  0.009895         0
    34/199     4.43G   0.03472  0.003011         0   0.03773         2       640    0.8743    0.7878    0.8553    0.4713   0.06164  0.009256         0
    35/199     4.43G   0.03485  0.003097         0   0.03795         1       640     0.944    0.8325    0.9146    0.5427   0.05994  0.009611         0
    36/199     4.43G   0.03509  0.003008         0    0.0381         3       640    0.9474     0.803     0.903     0.538    0.0598  0.009547         0
    37/199     4.43G   0.03423  0.003086         0   0.03731         1       640    0.9044    0.8867    0.9234    0.5572   0.05717   0.00951         0
    38/199     4.43G   0.03485  0.002977         0   0.03782         2       640    0.9447    0.7578     0.858    0.4839   0.06099  0.009572         0
    39/199     4.43G   0.03403  0.003009         0   0.03704         1       640    0.9431    0.8168    0.8986    0.5296   0.05867  0.009315         0
    40/199     4.43G   0.03313  0.002972         0   0.03611         1       640    0.9655    0.8274    0.9106    0.5402   0.05867  0.008841         0
    41/199     4.43G    0.0335  0.003035         0   0.03653         4       640    0.9545    0.8325    0.9129    0.5417   0.05867   0.00926         0
    42/199     4.43G   0.03322  0.002936         0   0.03616         1       640    0.9251    0.8571    0.9257    0.5749   0.05836  0.009449         0
    43/199     4.43G   0.03304   0.00297         0   0.03601         1       640    0.9342    0.8621    0.9284    0.5878   0.05613  0.009298         0
    44/199     4.43G   0.03294  0.002938         0   0.03588         2       640    0.9114    0.8618    0.9165     0.588   0.05465  0.009494         0
    45/199     4.43G   0.03313  0.002894         0   0.03603         1       640    0.9159    0.8621    0.9254     0.572   0.05544  0.009326         0
    46/199     4.43G   0.03326  0.002893         0   0.03615         1       640    0.9187    0.8966    0.9415    0.5738   0.05626  0.009348         0
    47/199     4.43G   0.03216  0.002972         0   0.03513         3       640    0.9158     0.857    0.9365    0.5734   0.05485  0.009302         0
    48/199     4.43G   0.03154  0.002842         0   0.03438         1       640    0.9329    0.8909     0.948     0.614   0.05292  0.008909         0
    49/199     4.43G   0.03197  0.002928         0    0.0349         1       640    0.9663    0.8471    0.9475    0.5966    0.0527  0.009018         0
    50/199     4.43G   0.03151  0.002904         0   0.03441         2       640    0.8855    0.8761    0.9232    0.5992   0.05382  0.009547         0
    51/199     4.43G   0.03165  0.002834         0   0.03449         2       640     0.905    0.8911    0.9183    0.5838   0.05382  0.009058         0
    52/199     4.43G   0.03168  0.002839         0   0.03451         2       640    0.9442    0.9162     0.947    0.6099   0.05213  0.009437         0
    53/199     4.43G   0.03172  0.002854         0   0.03457         1       640    0.9238    0.8966    0.9478    0.5962    0.0531  0.009354         0
    54/199     4.43G   0.03043  0.002771         0    0.0332         1       640    0.9265    0.8719    0.9495    0.5941   0.05228  0.009594         0
    55/199     4.43G    0.0307  0.002862         0   0.03357         4       640    0.9471    0.8867    0.9429    0.6104   0.05119  0.009642         0
    56/199     4.43G   0.03103  0.002879         0   0.03391         2       640    0.9274    0.8808    0.9383    0.5807   0.05366  0.009714         0
    57/199     4.43G   0.03028  0.002756         0   0.03304         1       640    0.9719    0.8522    0.9482    0.6201   0.05158   0.00928         0
    58/199     4.43G   0.03065  0.002854         0    0.0335         1       640     0.963    0.9015    0.9502     0.612    0.0518  0.009158         0
    59/199     4.43G   0.03015  0.002873         0   0.03302         2       640    0.9719    0.8518    0.9469    0.6104   0.04992  0.009272         0
    60/199     4.43G   0.02932   0.00281         0   0.03213         0       640    0.9626    0.8864    0.9505    0.6421   0.04931  0.009123         0
    61/199     4.43G   0.02961  0.002759         0   0.03237         1       640    0.9579    0.8964    0.9607    0.6474    0.0483  0.009432         0
    62/199     4.43G   0.03013  0.002787         0   0.03292         1       640    0.9677    0.8863     0.959    0.6535   0.04886  0.009018         0
    63/199     4.43G   0.02993  0.002836         0   0.03277         3       640     0.959    0.9261    0.9583     0.647   0.04884  0.009094         0
    64/199     4.43G   0.02935  0.002774         0   0.03213         0       640     0.947    0.8867    0.9496    0.6296   0.04863  0.009481         0
    65/199     4.43G   0.02962  0.002825         0   0.03245         5       640    0.9821    0.8916    0.9726    0.6429   0.04893  0.009191         0
    66/199     4.43G   0.02933  0.002793         0   0.03213         2       640    0.9227    0.9408    0.9777    0.6624   0.04772  0.009185         0
    67/199     4.43G   0.02954  0.002757         0    0.0323         3       640    0.9433    0.9012    0.9683     0.657   0.04727  0.009629         0
    68/199     4.43G   0.02891  0.002674         0   0.03159         0       640    0.9887    0.8867    0.9528    0.6636   0.04646  0.009363         0
    69/199     4.43G   0.02893  0.002716         0   0.03164         1       640    0.9551    0.9458    0.9711    0.6666   0.04619   0.00955         0
    70/199     4.43G   0.02877  0.002744         0   0.03152         4       640    0.9787    0.9064    0.9703     0.653   0.04585  0.009504         0
    71/199     4.43G   0.02898    0.0027         0   0.03168         1       640    0.9635    0.9113    0.9637      0.67   0.04648  0.009238         0
    72/199     4.43G   0.02857  0.002644         0   0.03121         2       640    0.9689    0.9212    0.9637    0.6746   0.04634  0.009121         0
    73/199     4.43G   0.02821  0.002672         0   0.03088         1       640    0.9213    0.9261    0.9731    0.6807   0.04576  0.009312         0
    74/199     4.43G   0.02856  0.002632         0   0.03119         1       640    0.9579     0.896    0.9697    0.6689   0.04673  0.009179         0
    75/199     4.43G   0.02914  0.002697         0   0.03184         4       640     0.954    0.9202    0.9728    0.6713   0.04643  0.008811         0
    76/199     4.43G   0.02817  0.002723         0   0.03089         1       640    0.9738    0.9161    0.9793     0.665   0.04674   0.00897         0
    77/199     4.43G   0.02791  0.002568         0   0.03048         1       640    0.9842    0.9211    0.9776    0.6998   0.04569  0.009453         0
    78/199     4.43G   0.02778  0.002632         0   0.03042         0       640    0.9841    0.9161    0.9753    0.6854    0.0455  0.009154         0
    79/199     4.43G    0.0277  0.002601         0    0.0303         3       640    0.9738    0.9161     0.964    0.6725   0.04723  0.009314         0
    80/199     4.43G   0.02777   0.00261         0   0.03038         0       640    0.9596    0.9357    0.9779    0.6895   0.04619  0.009006         0
    81/199     4.43G   0.02827  0.002603         0   0.03088         2       640    0.9791    0.9211    0.9735    0.6787   0.04536  0.009671         0
    82/199     4.43G    0.0275  0.002646         0   0.03014         2       640    0.9788    0.9113    0.9755    0.6981   0.04521   0.00935         0
    83/199     4.43G   0.02761  0.002712         0   0.03033         1       640    0.9743     0.936     0.978    0.6743   0.04642  0.009471         0
    84/199     4.43G   0.02771  0.002616         0   0.03032         1       640    0.9492    0.9261    0.9777    0.6898   0.04771  0.009195         0
    85/199     4.43G   0.02725  0.002597         0   0.02985         1       640    0.9793    0.9409    0.9815    0.6923   0.04444  0.009208         0
    86/199     4.43G   0.02745  0.002633         0   0.03008         3       640     0.955    0.9408    0.9779    0.6882   0.04351   0.00949         0
    87/199     4.43G   0.02723  0.002608         0   0.02984         3       640    0.9789    0.9163    0.9856    0.7039    0.0423  0.009068         0
    88/199     4.43G   0.02657  0.002573         0   0.02914         1       640    0.9845    0.9359    0.9862    0.7105   0.04375  0.009103         0
    89/199     4.43G   0.02687  0.002572         0   0.02944         1       640    0.9548    0.9357    0.9823    0.7039    0.0443  0.009379         0
    90/199     4.43G   0.02681  0.002641         0   0.02945         2       640    0.9945    0.9163    0.9823     0.707   0.04379  0.009292         0
    91/199     4.43G   0.02695  0.002635         0   0.02958         1       640    0.9684    0.9061    0.9779    0.6905   0.04437  0.009302         0
    92/199     4.43G   0.02643  0.002528         0   0.02895         2       640    0.9695    0.9409    0.9803    0.7071   0.04432  0.009105         0
    93/199     4.43G   0.02648  0.002493         0   0.02898         2       640    0.9945    0.9507    0.9896    0.7238   0.04229  0.009236         0
    94/199     4.43G   0.02636  0.002515         0   0.02887         1       640    0.9894    0.9211    0.9816     0.719   0.04412  0.009171         0
    95/199     4.43G   0.02653  0.002635         0   0.02916         3       640    0.9794     0.936    0.9779    0.7074   0.04265  0.009042         0
    96/199     4.43G   0.02611  0.002602         0   0.02872         2       640    0.9426    0.9704    0.9857    0.7295   0.04316  0.009189         0
    97/199     4.43G   0.02574  0.002432         0   0.02818         2       640    0.9463    0.9556    0.9886    0.7243   0.04194  0.009294         0
    98/199     4.43G   0.02617   0.00253         0    0.0287         2       640    0.9845    0.9409    0.9874    0.7286   0.04177   0.00896         0
    99/199     4.43G    0.0257  0.002531         0   0.02824         4       640    0.9598    0.9458    0.9843    0.7472   0.04141   0.00915         0
   100/199     4.43G   0.02555   0.00248         0   0.02803         1       640    0.9896    0.9409    0.9792    0.7447   0.04129  0.009217         0
   101/199     4.43G   0.02586  0.002541         0    0.0284         2       640    0.9843     0.926     0.983    0.7305   0.04207  0.009307         0
   102/199     4.43G   0.02539  0.002481         0   0.02787         1       640     0.989    0.9409    0.9872    0.7367   0.04113  0.009341         0
   103/199     4.43G   0.02571  0.002466         0   0.02818         2       640    0.9798    0.9552    0.9838    0.7281   0.04152  0.009059         0
   104/199     4.43G    0.0252  0.002433         0   0.02764         1       640    0.9848    0.9556    0.9921    0.7414   0.03982  0.009071         0
   105/199     4.43G   0.02554  0.002465         0     0.028         2       640    0.9846    0.9557    0.9897     0.742   0.04069  0.009037         0
   106/199     4.43G   0.02549  0.002462         0   0.02795         4       640    0.9847    0.9557    0.9894    0.7416   0.04128  0.009069         0
   107/199     4.43G   0.02506  0.002493         0   0.02756         2       640    0.9845     0.936      0.99    0.7376   0.04019   0.00899         0
   108/199     4.43G   0.02516  0.002446         0   0.02761         2       640    0.9746    0.9507    0.9837    0.7381   0.04059  0.009387         0
   109/199     4.43G   0.02501   0.00238         0   0.02739         1       640    0.9945    0.9458    0.9925    0.7532   0.04071  0.009021         0
   110/199     4.43G   0.02471  0.002423         0   0.02713         1       640      0.98    0.9655    0.9921    0.7542   0.03988  0.009273         0
   111/199     4.43G   0.02481  0.002417         0   0.02722         4       640    0.9844    0.9458    0.9925     0.752   0.04088   0.00912         0
   112/199     4.43G   0.02473   0.00238         0   0.02711         2       640    0.9309    0.9948    0.9924    0.7629   0.04035   0.00914         0
   113/199     4.43G   0.02472  0.002392         0   0.02711         1       640         1     0.931    0.9922    0.7543    0.0403  0.009108         0
   114/199     4.43G   0.02463  0.002397         0   0.02703         3       640    0.9799    0.9604    0.9907    0.7696    0.0402  0.008998         0
   115/199     4.43G    0.0244  0.002316         0   0.02672         2       640    0.9847    0.9506     0.992     0.772   0.03929  0.008778         0
   116/199     4.43G   0.02407  0.002319         0   0.02639         1       640    0.9659    0.9753    0.9929    0.7548   0.03975  0.009225         0
   117/199     4.43G   0.02408  0.002368         0   0.02645         1       640    0.9848    0.9556    0.9927    0.7704   0.03912  0.009196         0
   118/199     4.43G   0.02457  0.002332         0    0.0269         1       640    0.9702    0.9655    0.9935    0.7658   0.03914  0.009071         0
   119/199     4.43G   0.02427   0.00233         0    0.0266         1       640    0.9897    0.9507    0.9937    0.7779    0.0392  0.008937         0
   120/199     4.43G   0.02418  0.002398         0   0.02658         3       640    0.9662    0.9848    0.9948    0.7726   0.03897  0.008859         0
   121/199     4.43G   0.02367  0.002378         0   0.02605         1       640     0.966    0.9803    0.9941    0.7774   0.03846  0.008895         0
   122/199     4.43G   0.02355  0.002307         0   0.02586         1       640    0.9657    0.9754    0.9922    0.7611   0.03921  0.009079         0
   123/199     4.43G    0.0237  0.002303         0     0.026         1       640     0.985    0.9704    0.9943    0.7688   0.03869  0.009148         0
   124/199     4.43G   0.02353   0.00228         0   0.02581         1       640    0.9569    0.9852    0.9933     0.765   0.03887  0.008947         0
   125/199     4.43G   0.02353  0.002321         0   0.02585         2       640    0.9898    0.9704    0.9952    0.7806   0.03761  0.009072         0
   126/199     4.43G   0.02352  0.002296         0   0.02582         1       640    0.9707    0.9803    0.9949    0.7941   0.03776  0.009029         0
   127/199     4.43G   0.02344  0.002326         0   0.02577         1       640    0.9659    0.9803    0.9941    0.7991   0.03774  0.008887         0
   128/199     4.43G   0.02346  0.002357         0   0.02582         3       640    0.9752    0.9803    0.9947    0.7936   0.03753  0.008873         0
   129/199     4.43G   0.02311  0.002267         0   0.02538         2       640    0.9661    0.9852    0.9945    0.7901   0.03776  0.009064         0
   130/199     4.43G   0.02321  0.002313         0   0.02552         2       640    0.9799    0.9704    0.9948    0.7911   0.03756  0.009061         0
   131/199     4.43G   0.02305  0.002318         0   0.02536         0       640    0.9849    0.9655    0.9946     0.788   0.03804  0.008978         0
   132/199     4.43G   0.02322  0.002187         0   0.02541         2       640         1    0.9606    0.9943    0.7974   0.03729  0.009137         0
   133/199     4.43G    0.0229  0.002346         0   0.02524         1       640    0.9897    0.9704    0.9945    0.7914   0.03739  0.008922         0
   134/199     4.43G   0.02245  0.002236         0   0.02469         1       640    0.9899    0.9704    0.9952    0.8054   0.03738  0.008994         0
   135/199     4.43G   0.02289  0.002357         0   0.02525         1       640     0.995    0.9754    0.9951    0.8001   0.03706  0.009083         0
   136/199     4.43G   0.02249   0.00231         0   0.02481         1       640     0.985    0.9754    0.9934     0.796   0.03739  0.008953         0
   137/199     4.43G   0.02261   0.00227         0   0.02488         1       640      0.99    0.9753    0.9954    0.7983   0.03722  0.008969         0
   138/199     4.43G   0.02238  0.002285         0   0.02467         1       640      0.99      0.98    0.9956     0.807   0.03726  0.008926         0
   139/199     4.43G   0.02263  0.002344         0   0.02498         4       640     0.995    0.9802    0.9957    0.8007   0.03692  0.009077         0
   140/199     4.43G   0.02197  0.002246         0   0.02421         1       640    0.9949    0.9704    0.9953    0.7995   0.03635  0.008902         0
   141/199     4.43G   0.02189   0.00222         0   0.02411         1       640    0.9852    0.9851    0.9954    0.8162   0.03608  0.008828         0
   142/199     4.43G   0.02237  0.002268         0   0.02464         1       640    0.9804    0.9852    0.9957    0.8071   0.03603  0.008898         0
   143/199     4.43G   0.02248  0.002233         0   0.02471         4       640    0.9661    0.9901    0.9953    0.8068   0.03623  0.008877         0
   144/199     4.43G   0.02176  0.002171         0   0.02393         2       640    0.9751    0.9704    0.9948    0.8108   0.03613  0.008934         0
   145/199     4.43G   0.02171  0.002235         0   0.02394         2       640    0.9849    0.9704    0.9947    0.8148   0.03547  0.008956         0
   146/199     4.43G   0.02217  0.002289         0   0.02446         4       640    0.9899    0.9704    0.9949    0.8052   0.03583   0.00891         0
   147/199     4.43G   0.02176  0.002173         0   0.02393         2       640    0.9949    0.9704    0.9943     0.812   0.03576   0.00896         0
   148/199     4.43G   0.02155  0.002214         0   0.02376         1       640    0.9851    0.9803    0.9949    0.8171   0.03618  0.008913         0
   149/199     4.43G    0.0218  0.002236         0   0.02403         1       640     0.995    0.9753    0.9944    0.8046   0.03601  0.008876         0
   150/199     4.43G   0.02199    0.0022         0   0.02419         4       640      0.99    0.9802    0.9946    0.8171   0.03542  0.008865         0
   151/199     4.43G   0.02182  0.002224         0   0.02405         2       640     0.995    0.9803    0.9947    0.8083   0.03558  0.008881         0
   152/199     4.43G   0.02116  0.002221         0   0.02339         1       640    0.9899    0.9803    0.9957    0.8141   0.03512  0.008786         0
   153/199     4.43G   0.02151  0.002289         0    0.0238         3       640    0.9851    0.9753    0.9945     0.821   0.03481  0.008823         0
   154/199     4.43G   0.02089  0.002162         0   0.02306         0       640    0.9895    0.9704    0.9944    0.8264   0.03547  0.008661         0
   155/199     4.43G   0.02149  0.002281         0   0.02378         4       640    0.9851    0.9803    0.9949    0.8183   0.03512   0.00875         0
   156/199     4.43G   0.02135  0.002192         0   0.02354         2       640    0.9851    0.9803    0.9941    0.8319   0.03499  0.008737         0
   157/199     4.43G   0.02148  0.002157         0   0.02364         2       640    0.9851    0.9752    0.9949    0.8297   0.03468  0.008727         0
   158/199     4.43G   0.02072  0.002118         0   0.02284         1       640      0.99    0.9802    0.9958    0.8234   0.03471  0.008829         0
   159/199     4.43G   0.02062  0.002136         0   0.02275         1       640    0.9901    0.9852    0.9958    0.8228   0.03464  0.008734         0
   160/199     4.43G   0.02089  0.002149         0   0.02304         2       640    0.9897    0.9852    0.9955    0.8251   0.03478   0.00885         0
   161/199     4.43G   0.02115  0.002146         0   0.02329         3       640    0.9899    0.9852    0.9958    0.8282   0.03446  0.008798         0
   162/199     4.43G   0.02102  0.002162         0   0.02319         1       640    0.9901    0.9852    0.9958    0.8215   0.03459  0.008861         0
   163/199     4.43G   0.02097  0.002209         0   0.02318         4       640     0.995    0.9803    0.9958    0.8297   0.03426   0.00893         0
   164/199     4.43G   0.02069  0.002098         0   0.02279         1       640         1    0.9852    0.9961    0.8347   0.03431  0.009008         0
   165/199     4.43G   0.02097  0.002197         0   0.02317         3       640         1    0.9803     0.996    0.8327   0.03466  0.008996         0
   166/199     4.43G   0.02105  0.002111         0   0.02317         1       640         1    0.9803    0.9962    0.8354   0.03438  0.008834         0
   167/199     4.43G   0.02068   0.00219         0   0.02287         1       640     0.995    0.9852     0.996     0.835   0.03379  0.008819         0
   168/199     4.43G   0.02117  0.002191         0   0.02336         3       640    0.9949    0.9803    0.9961    0.8411   0.03362   0.00878         0
   169/199     4.43G   0.02069  0.002145         0   0.02284         2       640    0.9852    0.9852     0.996    0.8387    0.0339  0.008781         0
   170/199     4.43G   0.02034  0.002123         0   0.02246         0       640      0.99    0.9852    0.9962    0.8341   0.03394  0.008801         0
   171/199     4.43G   0.02051  0.002161         0   0.02267         1       640     0.995    0.9852    0.9962     0.835   0.03386   0.00882         0
   172/199     4.43G   0.02048  0.002135         0   0.02261         1       640         1    0.9851    0.9962    0.8311   0.03398  0.008871         0
   173/199     4.43G   0.02029  0.002161         0   0.02245         1       640     0.995    0.9852    0.9961    0.8412   0.03398  0.008882         0
   174/199     4.43G   0.02014  0.002165         0    0.0223         3       640    0.9901    0.9852    0.9962    0.8387   0.03376  0.008854         0
   175/199     4.43G   0.02017  0.002145         0   0.02231         3       640    0.9901    0.9852    0.9961    0.8349   0.03379  0.008798         0
   176/199     4.43G   0.01983  0.002115         0   0.02194         1       640     0.995    0.9852     0.996    0.8421   0.03392  0.008726         0
   177/199     4.43G   0.01995  0.002109         0   0.02206         2       640    0.9901    0.9852     0.996    0.8388   0.03392  0.008703         0
   178/199     4.43G   0.02013  0.002138         0   0.02227         3       640    0.9851    0.9803    0.9959    0.8378   0.03385  0.008652         0
   179/199     4.43G   0.02008  0.002079         0   0.02216         1       640      0.99    0.9803    0.9959    0.8396   0.03349  0.008692         0
   180/199     4.43G   0.01965  0.002121         0   0.02177         1       640      0.99    0.9852    0.9961    0.8415   0.03331  0.008745         0
   181/199     4.43G   0.02012  0.002061         0   0.02218         2       640     0.995    0.9801    0.9962    0.8422   0.03331  0.008765         0
   182/199     4.43G   0.01987  0.002085         0   0.02195         3       640    0.9853    0.9901    0.9964    0.8388    0.0333  0.008757         0
   183/199     4.43G   0.02024  0.002096         0   0.02234         1       640    0.9901    0.9852    0.9963    0.8428   0.03346  0.008809         0
   184/199     4.43G   0.02002  0.002048         0   0.02207         1       640    0.9901    0.9901    0.9963    0.8427   0.03343  0.008821         0
   185/199     4.43G   0.02012   0.00207         0   0.02219         2       640    0.9852    0.9852    0.9961    0.8453   0.03334  0.008792         0
   186/199     4.43G   0.01993  0.002091         0   0.02202         2       640    0.9853      0.99    0.9963     0.842   0.03336  0.008794         0
   187/199     4.43G   0.01958  0.002071         0   0.02165         1       640    0.9901    0.9901    0.9963     0.851   0.03329  0.008789         0
   188/199     4.43G   0.01974  0.002066         0   0.02181         3       640    0.9853    0.9901    0.9963    0.8456   0.03325   0.00878         0
   189/199     4.43G   0.01916  0.002026         0   0.02119         0       640    0.9853    0.9901    0.9962    0.8476   0.03324  0.008788         0
   190/199     4.43G   0.01917  0.002133         0    0.0213         0       640    0.9901    0.9901    0.9963     0.846   0.03317  0.008748         0
   191/199     4.43G   0.01955  0.002075         0   0.02162         0       640    0.9901    0.9901    0.9963    0.8471   0.03326  0.008638         0
   192/199     4.43G   0.01998  0.002078         0   0.02206         1       640    0.9901    0.9901    0.9963    0.8424   0.03336  0.008623         0
   193/199     4.43G   0.01899  0.002002         0   0.02099         0       640    0.9901    0.9901    0.9963    0.8431   0.03337   0.00864         0
   194/199     4.43G   0.01935  0.002113         0   0.02146         4       640    0.9901    0.9901    0.9963    0.8514   0.03326  0.008639         0
   195/199     4.43G   0.01903  0.002051         0   0.02108         1       640    0.9901    0.9901    0.9964    0.8502    0.0332  0.008731         0
   196/199     4.43G    0.0196  0.002047         0   0.02165         1       640    0.9901    0.9901    0.9965    0.8452   0.03301  0.008702         0
   197/199     4.43G   0.01954  0.002112         0   0.02165         2       640    0.9897    0.9901    0.9964    0.8466    0.0328  0.008718         0
   198/199     4.43G   0.01931  0.002093         0   0.02141         0       640      0.99    0.9852    0.9964    0.8488   0.03294  0.008723         0
   199/199     4.43G   0.01978  0.002079         0   0.02186         1       640    0.9805    0.9901    0.9964    0.8508    0.0328  0.008706         0
